
 Cholesky Decomposition
 ----------------------

 Input matrix for Cholesky decomposition:
    6.69836  0.0348364  0.0732921
  0.0348364    24.9563  0.0467741
  0.0732921  0.0467741    45.5119

 Output matrix of Cholesky decompostion:
    6.69836          0          0
  0.0134601    24.9563          0
  0.0283187 0.00928673    45.5119

 Output vector of Cholesky decompostion:
    2.58812    4.99561    6.74619

 Inverse of input matrix:
   0.149294 -0.000207949 -0.000240208
 -0.000207949  0.0400704 -4.08468e-05
 -0.000240208 -4.08468e-05  0.0219727

 Verify A^{-1}.A = I
   0.197708   0.331824    0.55086
  0.0877829   0.199267   0.122813
    0.16775   0.144106   0.198987
